0.709274847554254 0.729511212113178 0.731734036233084 0.620360375939722 0.812216953773121 1.02608840967631 1.0237072386332 1.06559520670481 1.06046267240673 1.0569107366028
0.182458590163604 -1.22475305544388 -1.17991864317306 -1.54931282469509 -1.61332993217548 -1.16899251561493 -1.15790494649078 -1.11782425432642 -1.12345013847686 -1.24815617759047
0.334952569865785 1.34191877332595 1.27542018073363 0.992203939964284 1.602540968935 1.72293623885981 1.7194350584508 1.72722507568062 1.73926107759051 1.49104800443228
0.773213221910355 1.21226587485828 1.17633637233767 1.24759887433784 1.24436580787947 0.613634873973802 0.619697034411809 0.644442849330836 0.638227910980089 0.614397684738775
0.157695644252477 0.831606332209536 0.954458747128303 0.989508242567989 1.14704062546877 1.41287080562772 1.41465788048072 1.44290525918881 1.44908104055765 1.24093808503528
-0.367425327928371 -0.490367707301393 -0.463957653741365 -0.412939578856433 -0.902391662899056 -1.11708727591467 -1.15163879331297 -1.12667764291667 -1.12774719983015 -1.04487392800358
0.0564686270975242 -1.25563086194898 -1.22863105565299 -0.905952167766709 -0.635682042684126 -0.53558293040138 -0.510438234383334 -0.565217927077057 -0.564930040423518 -0.581664648418136
-0.735494064590128 -0.990064517542818 -0.998323913685218 -0.821887580699033 -1.13068766438107 -0.945388781776607 -0.894205526650601 -0.822509206703203 -0.829191520409706 -0.558732842206666
-0.759925658924666 -0.41952036742748 -0.457034272643664 -0.170877332428069 -0.286119999946662 -0.728741938943018 -0.706395524617996 -0.797127215789833 -0.794901345447222 -0.899708384793263
0.809469140891111 0.712130217672277 0.739151428417235 1.18349896089541 1.3525783833394 1.80909763897834 1.77296765031639 1.77079762465976 1.7559239770448 1.6644890778111
-0.279615709530532 -0.266302125023344 -0.248245493495012 -0.44388462596507 -0.938997009822713 -0.993468196307325 -1.01069700900015 -1.04436172016827 -1.03909846055975 -1.11458055374889
0.219472623448322 0.298810110047574 0.35129859357009 0.645279251226755 0.89920801384592 0.437560618858189 0.366370859422322 0.360622539837838 0.362957867761872 0.362219956248373
-0.0148985572030955 -0.592852913865532 -0.614404392351401 -0.609833089114702 -0.306668617062261 -0.557400098010281 -0.63271275570383 -0.690618475748283 -0.691954865694763 -0.853134266161666
0.0863309568734968 -0.0880846484048549 -0.027765513334851 -0.121707150882572 -0.463366385883972 -0.138656096267497 -0.143149938831324 -0.187498427918204 -0.182286542490003 -0.285829028533051
-0.582458297908748 -0.189679344212307 -0.275096905546179 -0.192626520530463 0.193323536898355 0.0508059872701994 0.0122245501126896 -0.0334469268020255 -0.0334107269205647 -0.220400527864513
1.42318898856866 0.200655849426707 0.314636323050785 0.267687799022788 -0.410989689245133 -0.439374078351942 -0.457440140861489 -0.436174232117179 -0.432929133576299 -0.533260881180364
0.895087321298557 0.370471762515099 0.34437702150947 0.0563131542200889 -0.078783604634911 0.154584889737911 0.111261429835802 0.0864919550851604 0.079807686294863 0.0538434494752301
-0.42590744853158 -0.56651595561796 -0.527411759223521 -0.219639745944364 0.0933228788025667 -0.158213177729318 -0.0870340523096058 -0.0920246250036002 -0.10015663815986 -0.0978387137210064
-0.155730542414295 0.0973501030163719 0.139175599919397 -0.0522408775308351 -0.341753032438201 -0.892096035609375 -0.888679956539727 -0.784251721603529 -0.787456645391049 -0.612518068975644
0.36868431702886 0.329469879746421 0.33960437111423 0.534663079598227 -0.0228859180572016 0.119725762619894 0.0981372690134744 0.077786727668905 0.0850485495417251 0.120705790869887
-0.233191679175121 -0.38768288230674 -0.505205140283786 -0.751717934446944 -0.926260082100348 -0.985954047415842 -1.01051008334866 -1.07787435379064 -1.08803806831643 -1.00476974015937
-0.90857673493985 -1.4453441431181 -1.42041286754979 -1.14025775541391 -0.669798284512113 -0.534908954892646 -0.515712131624817 -0.518130103899142 -0.518568326816425 -0.504688715780515
-0.341626071116722 -0.365473002019297 -0.31031554476527 -0.00169159241192543 0.11871963220725 0.248666383826002 0.227886947062952 0.164517235101444 0.157732576089913 0.138117362166492
-0.341706220313599 -0.280958829638682 -0.352734455991675 -0.766780612219087 -0.986787272954293 -1.14486301361652 -1.13522501732564 -1.10927497214959 -1.1142291841213 -1.16922530073274
